0050 0321 0020 0000 0000 0012 0011 0011 0000 0001 0000 0005 0001
0052 0321 0020 0000 0000 0012 0011 0011 0000 0001 0000 0005 0001
0054 0321 0020 0000 0000 0012 0011 0011 0000 0001 0000 0005 0001
0056 0321 0020 0000 0000 0012 0011 0011 0000 0001 0000 0005 0001
0058 0321 0020 0000 0000 0012 0011 0011 0000 0001 0000 0005 0001
0060 0321 0020 0000 0000 0012 0011 0011 0000 0001 0000 0005 0001
0090 0321 0130 0000 0000 0012 0011 0011 0000 0001 0000 0005 0001
0092 0321 0130 0000 0000 0012 0011 0011 0000 0001 0000 0005 0001
0094 0321 0130 0000 0000 0012 0011 0011 0000 0001 0000 0005 0001
0096 0321 0130 0000 0000 0012 0011 0011 0000 0001 0000 0005 0001
0098 0321 0130 0000 0000 0012 0011 0011 0000 0001 0000 0005 0001
0100 0321 0130 0000 0000 0012 0011 0011 0000 0001 0000 0005 0001
0130 0321 0025 0000 0000 0011 0010 0009 0000 0002 0000 0005 0001
0130 0321 0040 0000 0000 0013 0010 0005 0000 0003 0000 0005 0001
0130 0321 0053 0000 0000 0011 0010 0009 0000 0002 0000 0005 0001
0160 0321 0078 0000 0000 0011 0010 0009 0000 0002 0000 0005 0001
0160 0321 0093 0000 0000 0013 0010 0005 0000 0003 0000 0005 0001
0160 0321 0110 0000 0000 0011 0010 0009 0000 0002 0000 0005 0001
0207 0321 0122 0000 0000 0032 0026 0015 0000 0004 0000 0025 0005
0210 0321 0070 0000 0000 0016 0016 0007 0000 0005 0000 0005 0001
0220 0321 0040 0000 0000 0016 0016 0007 0000 0005 0000 0005 0001
0230 0321 0100 0000 0000 0016 0016 0007 0000 0005 0000 0005 0001
0240 0321 0070 0000 0000 0016 0016 0007 0000 0005 0000 0005 0001
0280 0321 0107 0000 0000 0016 0012 0007 0000 0006 0000 0020 0001
0300 0321 0070 0000 0000 0016 0016 0007 0000 0005 0000 0005 0001
0310 0321 0040 0000 0000 0016 0016 0007 0000 0005 0000 0005 0001
0320 0321 0100 0000 0000 0016 0016 0007 0000 0005 0000 0005 0001
0330 0321 0070 0000 0000 0016 0016 0007 0000 0005 0000 0005 0001
0370 0321 0060 0000 0000 0043 0036 0002 0000 0007 0000 0010 0001
0450 0321 0040 0000 0000 0011 0010 0009 0000 0002 0000 0005 0001
0457 0321 0080 0000 0000 0011 0010 0009 0000 0002 0000 0005 0001
0480 0321 0003 0306 0016 0018 0016 0000 0000 0008 0000 0000 0001
0489 0321 0038 0324 0000 0018 0016 0000 0000 0008 0000 0000 0001
0485 0321 0098 0306 0016 0018 0016 0000 0000 0008 0000 0000 0001
0467 0321 0119 0324 0000 0018 0016 0000 0000 0008 0000 0000 0001
0525 0321 0005 0000 0032 0024 0024 0001 0000 0009 0000 0015 0001
0528 0321 0035 0000 0032 0024 0024 0001 0000 0009 0000 0015 0001
0531 0321 0110 0000 0032 0024 0024 0001 0000 0009 0000 0015 0001
0535 0321 0060 0000 0000 0032 0032 0001 0000 0009 0000 0015 0001
0548 0321 0100 0000 0000 0016 0012 0007 0000 0006 0000 0020 0001
0550 0321 0130 0000 0032 0024 0024 0001 0000 0009 0000 0015 0001
0550 0321 0010 0000 0000 0032 0032 0001 0000 0009 0000 0015 0001
0565 0321 0050 0000 0032 0024 0024 0001 0000 0009 0000 0015 0001
0568 0321 0078 0000 0032 0024 0024 0001 0000 0009 0000 0015 0001
0572 0321 0115 0000 0032 0024 0024 0001 0000 0009 0000 0015 0001
0576 0321 0007 0000 0032 0024 0024 0001 0000 0009 0000 0015 0001
0585 0321 0060 0000 0000 0016 0012 0007 0000 0006 0000 0020 0001
0595 0321 0080 0000 0000 0032 0032 0001 0000 0009 0000 0015 0001
0597 0321 0115 0000 0032 0024 0024 0001 0000 0009 0000 0015 0001
0600 0321 0027 0000 0000 0032 0032 0001 0000 0009 0000 0015 0001
0618 0321 0128 0000 0000 0032 0032 0001 0000 0009 0000 0015 0001
0622 0321 0001 0000 0000 0016 0012 0007 0000 0006 0000 0020 0001
0630 0321 0045 0000 0032 0024 0024 0001 0000 0009 0000 0015 0001
0637 0321 0013 0000 0000 0032 0032 0001 0000 0009 0000 0015 0001
0650 0321 0050 0000 0032 0024 0024 0001 0000 0009 0000 0015 0001
0744 0321 0132 0000 0000 0016 0012 0007 0000 0006 0000 0020 0001
0759 0321 0137 0000 0000 0016 0012 0007 0000 0006 0000 0020 0001
0830 0321 0086 0324 0000 0018 0016 0000 0000 0008 0000 0000 0001
0845 0321 0010 0306 0016 0018 0016 0000 0000 0008 0000 0000 0001
0854 0321 0136 0324 0000 0018 0016 0000 0000 0008 0000 0000 0001
0902 0321 0016 0000 0000 0016 0012 0007 0000 0006 0000 0020 0001
0933 0321 0136 0324 0000 0018 0016 0000 0000 0008 0000 0000 0001
0946 0321 0136 0324 0000 0018 0016 0000 0000 0008 0000 0000 0001
0955 0321 0055 0000 0000 0011 0010 0009 0000 0002 0000 0005 0001
0955 0321 0070 0000 0000 0013 0010 0005 0000 0003 0000 0005 0001
0955 0321 0083 0000 0000 0011 0010 0009 0000 0002 0000 0005 0001