0175 0321 0148 0100 0048 0000 0007 0000 0000
0225 0321 0565 0100 0048 0000 0007 0000 0000
0260 0321 0120 0082 0040 0000 0000 0000 0128
0340 0321 0150 0100 0048 0000 0007 0000 0000
0355 0321 0560 0100 0048 0000 0007 0000 0000
0445 0321 0130 0160 0064 0000 0007 0000 0064
0455 0321 0555 0100 0048 0000 0007 0000 0000
0465 0321 0050 0100 0048 0000 0007 0000 0000
0625 0321 0080 0100 0048 0000 0007 0000 0000
0655 0321 0565 0160 0064 0000 0007 0000 0064
0660 0321 0135 0100 0048 0000 0007 0000 0000
0735 0321 0147 0082 0040 0000 0000 0000 0128
0825 0321 0100 0032 0018 0000 0000 0160 0128
0840 0321 0592 0032 0018 0000 0000 0160 0128
0835 0321 0147 0082 0048 0000 0000 0000 0128
0875 0321 0565 0100 0048 0000 0007 0000 0000
0905 0321 0150 0160 0064 0000 0007 0000 0064
1025 0321 0125 0160 0064 0000 0007 0000 0064
1027 0321 0550 0160 0064 0000 0007 0000 0064
